Hour,Date,P(kWh),h_max
00,2022-06-01,0,239889.0
01,2022-06-01,0,239889.0
02,2022-06-01,0,239889.0
03,2022-06-01,0,239889.0
04,2022-06-01,0,239889.0
05,2022-06-01,0,239889.0
11,2022-06-01,246,240135.0
12,2022-06-01,82,240217.0
13,2022-06-01,83,240300.0
14,2022-06-01,81,240381.0
15,2022-06-01,71,240452.0
16,2022-06-01,58,240510.0
17,2022-06-01,38,240548.0
18,2022-06-01,16,240564.0
19,2022-06-01,2,240566.0
20,2022-06-01,0,240566.0
21,2022-06-01,0,240566.0
22,2022-06-01,0,240566.0
23,2022-06-01,0,240566.0
Hour,Date,P(kWh),h_max
00,2022-06-02,0,240566.0
01,2022-06-02,0,240566.0
02,2022-06-02,0,240566.0
03,2022-06-02,0,240566.0
04,2022-06-02,0,240566.0
05,2022-06-02,1,240567.0
11,2022-06-02,219,240786.0
12,2022-06-02,70,240856.0
13,2022-06-02,81,240937.0
14,2022-06-02,67,241004.0
15,2022-06-02,68,241072.0
16,2022-06-02,52,241124.0
17,2022-06-02,33,241157.0
18,2022-06-02,13,241170.0
19,2022-06-02,2,241172.0
20,2022-06-02,0,241172.0
21,2022-06-02,0,241172.0
22,2022-06-02,0,241172.0
23,2022-06-02,0,241172.0
Hour,Date,P(kWh),h_max
00,2022-06-03,0,241172.0
01,2022-06-03,0,241172.0
02,2022-06-03,0,241172.0
03,2022-06-03,0,241172.0
04,2022-06-03,0,241172.0
05,2022-06-03,0,241172.0
06,2022-06-03,5,241177.0
07,2022-06-03,6,241183.0
18,2022-06-03,591,241774.0
19,2022-06-03,1,241775.0
20,2022-06-03,0,241775.0
21,2022-06-03,0,241775.0
22,2022-06-03,0,241775.0
23,2022-06-03,0,241775.0
Hour,Date,P(kWh),h_max
00,2022-06-04,0,241775.0
01,2022-06-04,0,241775.0
02,2022-06-04,0,241775.0
03,2022-06-04,0,241775.0
04,2022-06-04,0,241775.0
05,2022-06-04,2,241777.0
06,2022-06-04,5,241782.0
07,2022-06-04,19,241801.0
18,2022-06-04,391,242192.0
19,2022-06-04,1,242193.0
20,2022-06-04,0,242193.0
21,2022-06-04,0,242193.0
22,2022-06-04,0,242193.0
23,2022-06-04,0,242193.0
Hour,Date,P(kWh),h_max
00,2022-06-05,0,242193.0
01,2022-06-05,0,242193.0
02,2022-06-05,0,242193.0
03,2022-06-05,0,242193.0
04,2022-06-05,0,242193.0
05,2022-06-05,0,242193.0
06,2022-06-05,3,242196.0
07,2022-06-05,8,242204.0
18,2022-06-05,201,242405.0
19,2022-06-05,1,242406.0
20,2022-06-05,0,242406.0
21,2022-06-05,0,242406.0
22,2022-06-05,0,242406.0
23,2022-06-05,0,242406.0
Hour,Date,P(kWh),h_max
00,2022-06-06,0,242406.0
01,2022-06-06,0,242406.0
02,2022-06-06,0,242406.0
03,2022-06-06,0,242406.0
04,2022-06-06,0,242406.0
05,2022-06-06,0,242406.0
06,2022-06-06,1,242407.0
07,2022-06-06,5,242412.0
18,2022-06-06,393,242805.0
19,2022-06-06,2,242807.0
20,2022-06-06,0,242807.0
21,2022-06-06,0,242807.0
22,2022-06-06,0,242807.0
23,2022-06-06,0,242807.0
Hour,Date,P(kWh),h_max
00,2022-06-07,0,242807.0
01,2022-06-07,0,242807.0
02,2022-06-07,0,242807.0
03,2022-06-07,0,242807.0
04,2022-06-07,0,242807.0
05,2022-06-07,0,242807.0
06,2022-06-07,5,242812.0
07,2022-06-07,19,242831.0
18,2022-06-07,540,243371.0
19,2022-06-07,2,243373.0
20,2022-06-07,0,243373.0
21,2022-06-07,0,243373.0
22,2022-06-07,0,243373.0
23,2022-06-07,0,243373.0
Hour,Date,P(kWh),h_max
00,2022-06-08,0,243373.0
01,2022-06-08,0,243373.0
02,2022-06-08,0,243373.0
03,2022-06-08,0,243373.0
04,2022-06-08,0,243373.0
05,2022-06-08,1,243374.0
06,2022-06-08,8,243382.0
07,2022-06-08,17,243399.0
18,2022-06-08,573,243972.0
19,2022-06-08,2,243974.0
20,2022-06-08,0,243974.0
21,2022-06-08,0,243974.0
22,2022-06-08,0,243974.0
23,2022-06-08,0,243974.0
Hour,Date,P(kWh),h_max
00,2022-06-09,0,243974.0
01,2022-06-09,0,243974.0
02,2022-06-09,0,243974.0
03,2022-06-09,0,243974.0
04,2022-06-09,0,243974.0
05,2022-06-09,0,243974.0
06,2022-06-09,5,243979.0
07,2022-06-09,11,243990.0
18,2022-06-09,475,244465.0
19,2022-06-09,3,244468.0
20,2022-06-09,0,244468.0
21,2022-06-09,0,244468.0
22,2022-06-09,0,244468.0
23,2022-06-09,0,244468.0
Hour,Date,P(kWh),h_max
00,2022-06-10,0,244468.0
01,2022-06-10,0,244468.0
02,2022-06-10,0,244468.0
03,2022-06-10,0,244468.0
04,2022-06-10,0,244468.0
05,2022-06-10,2,244470.0
06,2022-06-10,7,244477.0
07,2022-06-10,17,244494.0
18,2022-06-10,322,244816.0
19,2022-06-10,1,244817.0
20,2022-06-10,0,244817.0
21,2022-06-10,0,244817.0
22,2022-06-10,0,244817.0
23,2022-06-10,0,244817.0
Hour,Date,P(kWh),h_max
00,2022-06-11,0,244817.0
01,2022-06-11,0,244817.0
02,2022-06-11,0,244817.0
03,2022-06-11,0,244817.0
04,2022-06-11,0,244817.0
05,2022-06-11,2,244819.0
06,2022-06-11,6,244825.0
07,2022-06-11,15,244840.0
18,2022-06-11,608,245448.0
19,2022-06-11,2,245450.0
20,2022-06-11,0,245450.0
21,2022-06-11,0,245450.0
22,2022-06-11,0,245450.0
23,2022-06-11,0,245450.0
Hour,Date,P(kWh),h_max
00,2022-06-12,0,245450.0
01,2022-06-12,0,245450.0
02,2022-06-12,0,245450.0
03,2022-06-12,0,245450.0
04,2022-06-12,0,245450.0
05,2022-06-12,1,245451.0
06,2022-06-12,6,245457.0
07,2022-06-12,16,245473.0
18,2022-06-12,496,245969.0
19,2022-06-12,2,245971.0
20,2022-06-12,0,245971.0
21,2022-06-12,0,245971.0
22,2022-06-12,0,245971.0
23,2022-06-12,0,245971.0
Hour,Date,P(kWh),h_max
00,2022-06-13,0,245971.0
01,2022-06-13,0,245971.0
02,2022-06-13,0,245971.0
03,2022-06-13,0,245971.0
04,2022-06-13,0,245971.0
05,2022-06-13,1,245972.0
06,2022-06-13,9,245981.0
07,2022-06-13,17,245998.0
18,2022-06-13,509,246507.0
19,2022-06-13,1,246508.0
20,2022-06-13,0,246508.0
21,2022-06-13,0,246508.0
22,2022-06-13,0,246508.0
23,2022-06-13,0,246508.0
Hour,Date,P(kWh),h_max
00,2022-06-14,0,246508.0
01,2022-06-14,0,246508.0
02,2022-06-14,0,246508.0
03,2022-06-14,0,246508.0
04,2022-06-14,0,246508.0
05,2022-06-14,1,246509.0
06,2022-06-14,6,246515.0
07,2022-06-14,16,246531.0
18,2022-06-14,406,246937.0
19,2022-06-14,0,246937.0
20,2022-06-14,0,246937.0
21,2022-06-14,0,246937.0
22,2022-06-14,0,246937.0
23,2022-06-14,0,246937.0
Hour,Date,P(kWh),h_max
00,2022-06-15,0,246937.0
01,2022-06-15,0,246937.0
02,2022-06-15,0,246937.0
03,2022-06-15,0,246937.0
04,2022-06-15,0,246937.0
05,2022-06-15,0,246937.0
06,2022-06-15,1,246938.0
07,2022-06-15,6,246944.0
18,2022-06-15,201,247145.0
19,2022-06-15,1,247146.0
20,2022-06-15,0,247146.0
21,2022-06-15,0,247146.0
22,2022-06-15,0,247146.0
23,2022-06-15,0,247146.0
Hour,Date,P(kWh),h_max
00,2022-06-16,0,247146.0
01,2022-06-16,0,247146.0
02,2022-06-16,0,247146.0
03,2022-06-16,0,247146.0
04,2022-06-16,0,247146.0
05,2022-06-16,1,247147.0
06,2022-06-16,2,247149.0
07,2022-06-16,13,247162.0
18,2022-06-16,596,247758.0
19,2022-06-16,3,247761.0
20,2022-06-16,0,247761.0
21,2022-06-16,0,247761.0
22,2022-06-16,0,247761.0
23,2022-06-16,0,247761.0
Hour,Date,P(kWh),h_max
00,2022-06-17,0,247761.0
01,2022-06-17,0,247761.0
02,2022-06-17,0,247761.0
03,2022-06-17,0,247761.0
04,2022-06-17,0,247761.0
05,2022-06-17,0,247761.0
06,2022-06-17,5,247766.0
07,2022-06-17,10,247776.0
18,2022-06-17,246,248022.0
19,2022-06-17,2,248024.0
20,2022-06-17,0,248024.0
21,2022-06-17,0,248024.0
22,2022-06-17,0,248024.0
23,2022-06-17,0,248024.0
Hour,Date,P(kWh),h_max
00,2022-06-18,0,248024.0
01,2022-06-18,0,248024.0
02,2022-06-18,0,248024.0
03,2022-06-18,0,248024.0
04,2022-06-18,0,248024.0
05,2022-06-18,1,248025.0
06,2022-06-18,8,248033.0
07,2022-06-18,11,248044.0
18,2022-06-18,240,248284.0
19,2022-06-18,2,248286.0
20,2022-06-18,0,248286.0
21,2022-06-18,0,248286.0
22,2022-06-18,0,248286.0
23,2022-06-18,0,248286.0
Hour,Date,P(kWh),h_max
00,2022-06-19,0,248286.0
01,2022-06-19,0,248286.0
02,2022-06-19,0,248286.0
03,2022-06-19,0,248286.0
04,2022-06-19,0,248286.0
05,2022-06-19,1,248287.0
06,2022-06-19,3,248290.0
07,2022-06-19,9,248299.0
18,2022-06-19,166,248465.0
19,2022-06-19,0,248465.0
20,2022-06-19,0,248465.0
21,2022-06-19,0,248465.0
22,2022-06-19,0,248465.0
23,2022-06-19,0,248465.0
Hour,Date,P(kWh),h_max
00,2022-06-20,0,248465.0
01,2022-06-20,0,248465.0
02,2022-06-20,0,248465.0
03,2022-06-20,0,248465.0
04,2022-06-20,0,248465.0
05,2022-06-20,1,248466.0
06,2022-06-20,7,248473.0
07,2022-06-20,16,248489.0
18,2022-06-20,475,248964.0
19,2022-06-20,3,248967.0
20,2022-06-20,0,248967.0
21,2022-06-20,0,248967.0
22,2022-06-20,0,248967.0
23,2022-06-20,0,248967.0
Hour,Date,P(kWh),h_max
00,2022-06-21,0,248967.0
01,2022-06-21,0,248967.0
02,2022-06-21,0,248967.0
03,2022-06-21,0,248967.0
04,2022-06-21,0,248967.0
05,2022-06-21,1,248968.0
06,2022-06-21,7,248975.0
07,2022-06-21,15,248990.0
18,2022-06-21,596,249586.0
19,2022-06-21,2,249588.0
20,2022-06-21,0,249588.0
21,2022-06-21,0,249588.0
22,2022-06-21,0,249588.0
23,2022-06-21,0,249588.0
Hour,Date,P(kWh),h_max
00,2022-06-22,0,249588.0
01,2022-06-22,0,249588.0
02,2022-06-22,0,249588.0
03,2022-06-22,0,249588.0
04,2022-06-22,0,249588.0
05,2022-06-22,0,249588.0
06,2022-06-22,4,249592.0
07,2022-06-22,7,249599.0
18,2022-06-22,431,250030.0
19,2022-06-22,2,250032.0
20,2022-06-22,0,250032.0
21,2022-06-22,0,250032.0
22,2022-06-22,0,250032.0
23,2022-06-22,0,250032.0
Hour,Date,P(kWh),h_max
00,2022-06-23,0,250032.0
01,2022-06-23,0,250032.0
02,2022-06-23,0,250032.0
03,2022-06-23,0,250032.0
04,2022-06-23,0,250032.0
05,2022-06-23,0,250032.0
06,2022-06-23,5,250037.0
07,2022-06-23,8,250045.0
18,2022-06-23,83,250128.0
19,2022-06-23,0,250128.0
20,2022-06-23,0,250128.0
21,2022-06-23,0,250128.0
22,2022-06-23,0,250128.0
23,2022-06-23,0,250128.0
Hour,Date,P(kWh),h_max
00,2022-06-24,0,250128.0
01,2022-06-24,0,250128.0
02,2022-06-24,0,250128.0
03,2022-06-24,0,250128.0
04,2022-06-24,0,250128.0
05,2022-06-24,0,250128.0
06,2022-06-24,2,250130.0
07,2022-06-24,10,250140.0
18,2022-06-24,227,250367.0
19,2022-06-24,1,250368.0
20,2022-06-24,0,250368.0
21,2022-06-24,0,250368.0
22,2022-06-24,0,250368.0
23,2022-06-24,0,250368.0
Hour,Date,P(kWh),h_max
00,2022-06-25,0,250368.0
01,2022-06-25,0,250368.0
02,2022-06-25,0,250368.0
03,2022-06-25,0,250368.0
04,2022-06-25,0,250368.0
05,2022-06-25,1,250369.0
06,2022-06-25,6,250375.0
07,2022-06-25,9,250384.0
18,2022-06-25,438,250822.0
19,2022-06-25,2,250824.0
20,2022-06-25,0,250824.0
21,2022-06-25,0,250824.0
22,2022-06-25,0,250824.0
23,2022-06-25,0,250824.0
Hour,Date,P(kWh),h_max
00,2022-06-26,0,250824.0
01,2022-06-26,0,250824.0
02,2022-06-26,0,250824.0
03,2022-06-26,0,250824.0
04,2022-06-26,0,250824.0
05,2022-06-26,0,250824.0
06,2022-06-26,0,250824.0
07,2022-06-26,3,250827.0
18,2022-06-26,200,251027.0
19,2022-06-26,1,251028.0
20,2022-06-26,0,251028.0
21,2022-06-26,0,251028.0
22,2022-06-26,0,251028.0
23,2022-06-26,0,251028.0
Hour,Date,P(kWh),h_max
00,2022-06-27,0,251028.0
01,2022-06-27,0,251028.0
02,2022-06-27,0,251028.0
03,2022-06-27,0,251028.0
04,2022-06-27,0,251028.0
05,2022-06-27,0,251028.0
06,2022-06-27,5,251033.0
07,2022-06-27,12,251045.0
18,2022-06-27,127,251172.0
19,2022-06-27,0,251172.0
20,2022-06-27,0,251172.0
21,2022-06-27,0,251172.0
22,2022-06-27,0,251172.0
23,2022-06-27,0,251172.0
Hour,Date,P(kWh),h_max
00,2022-06-28,0,251172.0
01,2022-06-28,0,251172.0
02,2022-06-28,0,251172.0
03,2022-06-28,0,251172.0
04,2022-06-28,0,251172.0
05,2022-06-28,1,251173.0
06,2022-06-28,5,251178.0
07,2022-06-28,14,251192.0
18,2022-06-28,170,251362.0
19,2022-06-28,0,251362.0
20,2022-06-28,0,251362.0
21,2022-06-28,0,251362.0
22,2022-06-28,0,251362.0
23,2022-06-28,0,251362.0
Hour,Date,P(kWh),h_max
00,2022-06-29,0,251362.0
01,2022-06-29,0,251362.0
02,2022-06-29,0,251362.0
03,2022-06-29,0,251362.0
04,2022-06-29,0,251362.0
05,2022-06-29,0,251362.0
06,2022-06-29,0,251362.0
07,2022-06-29,4,251366.0
18,2022-06-29,158,251524.0
19,2022-06-29,0,251524.0
20,2022-06-29,0,251524.0
21,2022-06-29,0,251524.0
22,2022-06-29,0,251524.0
23,2022-06-29,0,251524.0
Hour,Date,P(kWh),h_max
00,2022-06-30,0,251524.0
01,2022-06-30,0,251524.0
02,2022-06-30,0,251524.0
03,2022-06-30,0,251524.0
04,2022-06-30,0,251524.0
05,2022-06-30,0,251524.0
06,2022-06-30,0,251524.0
07,2022-06-30,1,251525.0
18,2022-06-30,145,251670.0
19,2022-06-30,0,251670.0
20,2022-06-30,0,251670.0
21,2022-06-30,0,251670.0
22,2022-06-30,0,251670.0
23,2022-06-30,0,251670.0
