Hour,Date,P(kWh),h_max
00,2022-04-01,0,206779.0
01,2022-04-01,0,206779.0
02,2022-04-01,0,206779.0
03,2022-04-01,0,206779.0
04,2022-04-01,0,206779.0
05,2022-04-01,0,206779.0
06,2022-04-01,1,206780.0
07,2022-04-01,7,206787.0
08,2022-04-01,26,206813.0
09,2022-04-01,46,206859.0
10,2022-04-01,64,206923.0
11,2022-04-01,77,207000.0
12,2022-04-01,86,207086.0
13,2022-04-01,75,207161.0
14,2022-04-01,79,207240.0
15,2022-04-01,71,207311.0
16,2022-04-01,53,207364.0
17,2022-04-01,21,207385.0
18,2022-04-01,3,207388.0
19,2022-04-01,0,207388.0
20,2022-04-01,0,207388.0
21,2022-04-01,0,207388.0
22,2022-04-01,0,207388.0
23,2022-04-01,0,207388.0
Hour,Date,P(kWh),h_max
00,2022-04-02,0,207388.0
01,2022-04-02,0,207388.0
02,2022-04-02,0,207388.0
03,2022-04-02,0,207388.0
04,2022-04-02,0,207388.0
05,2022-04-02,0,207388.0
06,2022-04-02,1,207389.0
07,2022-04-02,8,207397.0
08,2022-04-02,26,207423.0
09,2022-04-02,47,207470.0
10,2022-04-02,65,207535.0
11,2022-04-02,75,207610.0
12,2022-04-02,84,207694.0
13,2022-04-02,85,207779.0
14,2022-04-02,81,207860.0
15,2022-04-02,67,207927.0
16,2022-04-02,45,207972.0
17,2022-04-02,21,207993.0
18,2022-04-02,3,207996.0
19,2022-04-02,0,207996.0
20,2022-04-02,0,207996.0
21,2022-04-02,0,207996.0
22,2022-04-02,0,207996.0
23,2022-04-02,0,207996.0
Hour,Date,P(kWh),h_max
00,2022-04-03,0,207996.0
01,2022-04-03,0,207996.0
02,2022-04-03,0,207996.0
03,2022-04-03,0,207996.0
04,2022-04-03,0,207996.0
05,2022-04-03,0,207996.0
06,2022-04-03,1,207997.0
07,2022-04-03,9,208006.0
08,2022-04-03,26,208032.0
09,2022-04-03,47,208079.0
10,2022-04-03,63,208142.0
11,2022-04-03,75,208217.0
12,2022-04-03,83,208300.0
13,2022-04-03,83,208383.0
14,2022-04-03,79,208462.0
15,2022-04-03,70,208532.0
16,2022-04-03,52,208584.0
17,2022-04-03,23,208607.0
18,2022-04-03,3,208610.0
19,2022-04-03,0,208610.0
20,2022-04-03,0,208610.0
21,2022-04-03,0,208610.0
22,2022-04-03,0,208610.0
23,2022-04-03,0,208610.0
Hour,Date,P(kWh),h_max
00,2022-04-04,0,208610.0
01,2022-04-04,0,208610.0
02,2022-04-04,0,208610.0
03,2022-04-04,0,208610.0
04,2022-04-04,0,208610.0
05,2022-04-04,0,208610.0
06,2022-04-04,2,208612.0
07,2022-04-04,8,208620.0
08,2022-04-04,27,208647.0
09,2022-04-04,48,208695.0
10,2022-04-04,65,208760.0
11,2022-04-04,78,208838.0
12,2022-04-04,84,208922.0
13,2022-04-04,85,209007.0
14,2022-04-04,79,209086.0
15,2022-04-04,70,209156.0
16,2022-04-04,55,209211.0
17,2022-04-04,23,209234.0
18,2022-04-04,3,209237.0
19,2022-04-04,0,209237.0
20,2022-04-04,0,209237.0
21,2022-04-04,0,209237.0
22,2022-04-04,0,209237.0
23,2022-04-04,0,209237.0
Hour,Date,P(kWh),h_max
00,2022-04-05,0,209237.0
01,2022-04-05,0,209237.0
02,2022-04-05,0,209237.0
03,2022-04-05,0,209237.0
04,2022-04-05,0,209237.0
05,2022-04-05,0,209237.0
06,2022-04-05,2,209239.0
07,2022-04-05,11,209250.0
08,2022-04-05,25,209275.0
09,2022-04-05,43,209318.0
10,2022-04-05,58,209376.0
11,2022-04-05,70,209446.0
12,2022-04-05,74,209520.0
13,2022-04-05,70,209590.0
14,2022-04-05,71,209661.0
15,2022-04-05,57,209718.0
16,2022-04-05,36,209754.0
17,2022-04-05,17,209771.0
18,2022-04-05,4,209775.0
19,2022-04-05,0,209775.0
20,2022-04-05,0,209775.0
21,2022-04-05,0,209775.0
22,2022-04-05,0,209775.0
23,2022-04-05,0,209775.0
Hour,Date,P(kWh),h_max
00,2022-04-06,0,209775.0
01,2022-04-06,0,209775.0
02,2022-04-06,0,209775.0
03,2022-04-06,0,209775.0
04,2022-04-06,0,209775.0
05,2022-04-06,0,209775.0
06,2022-04-06,1,209776.0
07,2022-04-06,5,209781.0
08,2022-04-06,17,209798.0
09,2022-04-06,42,209840.0
10,2022-04-06,61,209901.0
11,2022-04-06,76,209977.0
12,2022-04-06,82,210059.0
13,2022-04-06,80,210139.0
14,2022-04-06,72,210211.0
15,2022-04-06,66,210277.0
16,2022-04-06,49,210326.0
17,2022-04-06,23,210349.0
18,2022-04-06,3,210352.0
19,2022-04-06,0,210352.0
20,2022-04-06,0,210352.0
21,2022-04-06,0,210352.0
Hour,Date,P(kWh),h_max
01,2022-04-07,0,210352.0
02,2022-04-07,0,210352.0
03,2022-04-07,0,210352.0
04,2022-04-07,0,210352.0
05,2022-04-07,0,210352.0
06,2022-04-07,0,210352.0
07,2022-04-07,7,210359.0
08,2022-04-07,21,210380.0
09,2022-04-07,47,210427.0
10,2022-04-07,66,210493.0
11,2022-04-07,78,210571.0
12,2022-04-07,85,210656.0
13,2022-04-07,86,210742.0
14,2022-04-07,80,210822.0
15,2022-04-07,69,210891.0
16,2022-04-07,50,210941.0
17,2022-04-07,23,210964.0
18,2022-04-07,4,210968.0
19,2022-04-07,0,210968.0
20,2022-04-07,0,210968.0
21,2022-04-07,0,210968.0
22,2022-04-07,0,210968.0
23,2022-04-07,0,210968.0
Hour,Date,P(kWh),h_max
01,2022-04-08,0,210968.0
02,2022-04-08,0,210968.0
03,2022-04-08,0,210968.0
04,2022-04-08,0,210968.0
05,2022-04-08,0,210968.0
06,2022-04-08,1,210969.0
07,2022-04-08,9,210978.0
08,2022-04-08,28,211006.0
09,2022-04-08,47,211053.0
10,2022-04-08,64,211117.0
11,2022-04-08,75,211192.0
12,2022-04-08,81,211273.0
13,2022-04-08,80,211353.0
14,2022-04-08,76,211429.0
15,2022-04-08,66,211495.0
16,2022-04-08,50,211545.0
17,2022-04-08,25,211570.0
18,2022-04-08,3,211573.0
19,2022-04-08,0,211573.0
20,2022-04-08,0,211573.0
21,2022-04-08,0,211573.0
22,2022-04-08,0,211573.0
23,2022-04-08,0,211573.0
Hour,Date,P(kWh),h_max
01,2022-04-09,0,211573.0
02,2022-04-09,0,211573.0
03,2022-04-09,0,211573.0
04,2022-04-09,0,211573.0
05,2022-04-09,0,211573.0
06,2022-04-09,3,211576.0
07,2022-04-09,7,211583.0
08,2022-04-09,7,211590.0
09,2022-04-09,36,211626.0
10,2022-04-09,58,211684.0
11,2022-04-09,28,211712.0
12,2022-04-09,119,211831.0
13,2022-04-09,77,211908.0
14,2022-04-09,72,211980.0
15,2022-04-09,57,212037.0
16,2022-04-09,42,212079.0
17,2022-04-09,20,212099.0
18,2022-04-09,4,212103.0
19,2022-04-09,0,212103.0
20,2022-04-09,0,212103.0
21,2022-04-09,0,212103.0
22,2022-04-09,0,212103.0
23,2022-04-09,0,212103.0
Hour,Date,P(kWh),h_max
01,2022-04-10,0,212103.0
02,2022-04-10,0,212103.0
03,2022-04-10,0,212103.0
04,2022-04-10,0,212103.0
05,2022-04-10,0,212103.0
06,2022-04-10,2,212105.0
07,2022-04-10,10,212115.0
08,2022-04-10,26,212141.0
09,2022-04-10,45,212186.0
10,2022-04-10,60,212246.0
11,2022-04-10,71,212317.0
12,2022-04-10,77,212394.0
13,2022-04-10,78,212472.0
14,2022-04-10,75,212547.0
15,2022-04-10,66,212613.0
16,2022-04-10,49,212662.0
17,2022-04-10,24,212686.0
18,2022-04-10,4,212690.0
19,2022-04-10,0,212690.0
20,2022-04-10,0,212690.0
21,2022-04-10,0,212690.0
22,2022-04-10,0,212690.0
23,2022-04-10,0,212690.0
Hour,Date,P(kWh),h_max
01,2022-04-11,0,212690.0
02,2022-04-11,0,212690.0
03,2022-04-11,0,212690.0
04,2022-04-11,0,212690.0
05,2022-04-11,0,212690.0
06,2022-04-11,2,212692.0
07,2022-04-11,10,212702.0
08,2022-04-11,24,212726.0
09,2022-04-11,46,212772.0
10,2022-04-11,52,212824.0
11,2022-04-11,65,212889.0
12,2022-04-11,72,212961.0
13,2022-04-11,77,213038.0
14,2022-04-11,74,213112.0
15,2022-04-11,65,213177.0
16,2022-04-11,48,213225.0
17,2022-04-11,24,213249.0
18,2022-04-11,3,213252.0
19,2022-04-11,0,213252.0
20,2022-04-11,0,213252.0
21,2022-04-11,0,213252.0
22,2022-04-11,0,213252.0
23,2022-04-11,0,213252.0
Hour,Date,P(kWh),h_max
01,2022-04-12,0,213252.0
02,2022-04-12,0,213252.0
03,2022-04-12,0,213252.0
04,2022-04-12,0,213252.0
05,2022-04-12,0,213252.0
06,2022-04-12,1,213253.0
07,2022-04-12,5,213258.0
08,2022-04-12,13,213271.0
09,2022-04-12,23,213294.0
10,2022-04-12,31,213325.0
11,2022-04-12,42,213367.0
12,2022-04-12,66,213433.0
13,2022-04-12,65,213498.0
14,2022-04-12,68,213566.0
15,2022-04-12,60,213626.0
16,2022-04-12,37,213663.0
17,2022-04-12,2,213665.0
18,2022-04-12,1,213666.0
19,2022-04-12,0,213666.0
20,2022-04-12,0,213666.0
21,2022-04-12,0,213666.0
22,2022-04-12,0,213666.0
23,2022-04-12,0,213666.0
Hour,Date,P(kWh),h_max
01,2022-04-13,0,213666.0
02,2022-04-13,0,213666.0
03,2022-04-13,0,213666.0
04,2022-04-13,0,213666.0
05,2022-04-13,0,213666.0
06,2022-04-13,0,213666.0
07,2022-04-13,0,213666.0
08,2022-04-13,2,213668.0
09,2022-04-13,5,213673.0
10,2022-04-13,9,213682.0
11,2022-04-13,13,213695.0
12,2022-04-13,16,213711.0
13,2022-04-13,6,213717.0
14,2022-04-13,5,213722.0
15,2022-04-13,8,213730.0
16,2022-04-13,5,213735.0
17,2022-04-13,4,213739.0
18,2022-04-13,0,213739.0
19,2022-04-13,0,213739.0
20,2022-04-13,0,213739.0
21,2022-04-13,0,213739.0
22,2022-04-13,0,213739.0
23,2022-04-13,0,213739.0
Hour,Date,P(kWh),h_max
01,2022-04-14,0,213739.0
02,2022-04-14,0,213739.0
03,2022-04-14,0,213739.0
04,2022-04-14,0,213739.0
05,2022-04-14,0,213739.0
06,2022-04-14,0,213739.0
07,2022-04-14,2,213741.0
08,2022-04-14,5,213746.0
09,2022-04-14,10,213756.0
10,2022-04-14,15,213771.0
11,2022-04-14,24,213795.0
12,2022-04-14,38,213833.0
13,2022-04-14,41,213874.0
14,2022-04-14,50,213924.0
15,2022-04-14,57,213981.0
16,2022-04-14,33,214014.0
17,2022-04-14,13,214027.0
18,2022-04-14,2,214029.0
19,2022-04-14,0,214029.0
20,2022-04-14,0,214029.0
21,2022-04-14,0,214029.0
22,2022-04-14,0,214029.0
23,2022-04-14,0,214029.0
Hour,Date,P(kWh),h_max
01,2022-04-15,0,214029.0
02,2022-04-15,0,214029.0
03,2022-04-15,0,214029.0
04,2022-04-15,0,214029.0
05,2022-04-15,0,214029.0
06,2022-04-15,2,214031.0
07,2022-04-15,10,214041.0
08,2022-04-15,30,214071.0
09,2022-04-15,49,214120.0
10,2022-04-15,66,214186.0
11,2022-04-15,76,214262.0
12,2022-04-15,84,214346.0
13,2022-04-15,85,214431.0
14,2022-04-15,80,214511.0
15,2022-04-15,65,214576.0
16,2022-04-15,48,214624.0
17,2022-04-15,28,214652.0
18,2022-04-15,5,214657.0
19,2022-04-15,0,214657.0
20,2022-04-15,0,214657.0
21,2022-04-15,0,214657.0
22,2022-04-15,0,214657.0
23,2022-04-15,0,214657.0
Hour,Date,P(kWh),h_max
01,2022-04-16,0,214657.0
02,2022-04-16,0,214657.0
03,2022-04-16,0,214657.0
04,2022-04-16,0,214657.0
05,2022-04-16,0,214657.0
06,2022-04-16,2,214659.0
07,2022-04-16,11,214670.0
08,2022-04-16,30,214700.0
09,2022-04-16,50,214750.0
10,2022-04-16,66,214816.0
11,2022-04-16,79,214895.0
12,2022-04-16,84,214979.0
13,2022-04-16,86,215065.0
14,2022-04-16,82,215147.0
15,2022-04-16,72,215219.0
16,2022-04-16,54,215273.0
17,2022-04-16,30,215303.0
18,2022-04-16,4,215307.0
19,2022-04-16,0,215307.0
20,2022-04-16,0,215307.0
21,2022-04-16,0,215307.0
22,2022-04-16,0,215307.0
23,2022-04-16,0,215307.0
Hour,Date,P(kWh),h_max
00,2022-04-17,0,215307.0
01,2022-04-17,0,215307.0
02,2022-04-17,0,215307.0
03,2022-04-17,0,215307.0
04,2022-04-17,0,215307.0
05,2022-04-17,0,215307.0
06,2022-04-17,3,215310.0
07,2022-04-17,12,215322.0
08,2022-04-17,30,215352.0
09,2022-04-17,49,215401.0
10,2022-04-17,66,215467.0
11,2022-04-17,77,215544.0
12,2022-04-17,83,215627.0
13,2022-04-17,83,215710.0
14,2022-04-17,80,215790.0
15,2022-04-17,68,215858.0
16,2022-04-17,48,215906.0
17,2022-04-17,22,215928.0
18,2022-04-17,4,215932.0
19,2022-04-17,0,215932.0
22,2022-04-17,0,215932.0
23,2022-04-17,0,215932.0
Hour,Date,P(kWh),h_max
00,2022-04-18,0,215932.0
01,2022-04-18,0,215932.0
02,2022-04-18,0,215932.0
03,2022-04-18,0,215932.0
04,2022-04-18,0,215932.0
05,2022-04-18,0,215932.0
06,2022-04-18,2,215934.0
07,2022-04-18,10,215944.0
08,2022-04-18,17,215961.0
09,2022-04-18,29,215990.0
10,2022-04-18,43,216033.0
11,2022-04-18,58,216091.0
12,2022-04-18,75,216166.0
13,2022-04-18,80,216246.0
14,2022-04-18,76,216322.0
15,2022-04-18,65,216387.0
16,2022-04-18,48,216435.0
17,2022-04-18,24,216459.0
18,2022-04-18,5,216464.0
19,2022-04-18,0,216464.0
22,2022-04-18,0,216464.0
23,2022-04-18,0,216464.0
Hour,Date,P(kWh),h_max
00,2022-04-19,0,216464.0
01,2022-04-19,0,216464.0
02,2022-04-19,0,216464.0
03,2022-04-19,0,216464.0
04,2022-04-19,0,216464.0
05,2022-04-19,0,216464.0
06,2022-04-19,4,216468.0
07,2022-04-19,11,216479.0
08,2022-04-19,29,216508.0
09,2022-04-19,47,216555.0
10,2022-04-19,63,216618.0
11,2022-04-19,74,216692.0
12,2022-04-19,81,216773.0
13,2022-04-19,81,216854.0
14,2022-04-19,77,216931.0
15,2022-04-19,67,216998.0
16,2022-04-19,49,217047.0
17,2022-04-19,27,217074.0
18,2022-04-19,5,217079.0
19,2022-04-19,0,217079.0
22,2022-04-19,0,217079.0
23,2022-04-19,0,217079.0
Hour,Date,P(kWh),h_max
00,2022-04-20,0,217079.0
01,2022-04-20,0,217079.0
02,2022-04-20,0,217079.0
03,2022-04-20,0,217079.0
04,2022-04-20,0,217079.0
05,2022-04-20,0,217079.0
06,2022-04-20,3,217082.0
07,2022-04-20,12,217094.0
08,2022-04-20,30,217124.0
09,2022-04-20,49,217173.0
10,2022-04-20,65,217238.0
11,2022-04-20,77,217315.0
12,2022-04-20,82,217397.0
13,2022-04-20,83,217480.0
14,2022-04-20,78,217558.0
15,2022-04-20,69,217627.0
16,2022-04-20,52,217679.0
17,2022-04-20,28,217707.0
18,2022-04-20,5,217712.0
19,2022-04-20,0,217712.0
22,2022-04-20,0,217712.0
23,2022-04-20,0,217712.0
Hour,Date,P(kWh),h_max
00,2022-04-21,0,217712.0
01,2022-04-21,0,217712.0
02,2022-04-21,0,217712.0
03,2022-04-21,0,217712.0
04,2022-04-21,0,217712.0
05,2022-04-21,0,217712.0
06,2022-04-21,4,217716.0
07,2022-04-21,12,217728.0
08,2022-04-21,22,217750.0
09,2022-04-21,44,217794.0
10,2022-04-21,57,217851.0
11,2022-04-21,53,217904.0
12,2022-04-21,48,217952.0
13,2022-04-21,73,218025.0
14,2022-04-21,53,218078.0
15,2022-04-21,56,218134.0
16,2022-04-21,37,218171.0
17,2022-04-21,17,218188.0
18,2022-04-21,5,218193.0
19,2022-04-21,0,218193.0
Hour,Date,P(kWh),h_max
11,2022-04-22,0,218238.0
12,2022-04-22,12,218250.0
13,2022-04-22,10,218260.0
14,2022-04-22,11,218271.0
15,2022-04-22,7,218278.0
16,2022-04-22,4,218282.0
17,2022-04-22,3,218285.0
18,2022-04-22,1,218286.0
19,2022-04-22,0,218286.0
20,2022-04-22,0,218286.0
21,2022-04-22,0,218286.0
22,2022-04-22,0,218286.0
23,2022-04-22,0,218286.0
Hour,Date,P(kWh),h_max
11,2022-04-23,0,218475.0
12,2022-04-23,57,218532.0
13,2022-04-23,59,218591.0
14,2022-04-23,63,218654.0
15,2022-04-23,58,218712.0
16,2022-04-23,37,218749.0
17,2022-04-23,25,218774.0
18,2022-04-23,7,218781.0
19,2022-04-23,1,218782.0
20,2022-04-23,0,218782.0
21,2022-04-23,0,218782.0
22,2022-04-23,0,218782.0
23,2022-04-23,0,218782.0
Hour,Date,P(kWh),h_max
11,2022-04-24,0,218962.0
12,2022-04-24,79,219041.0
13,2022-04-24,80,219121.0
14,2022-04-24,75,219196.0
15,2022-04-24,64,219260.0
16,2022-04-24,47,219307.0
17,2022-04-24,24,219331.0
18,2022-04-24,2,219333.0
19,2022-04-24,0,219333.0
20,2022-04-24,0,219333.0
21,2022-04-24,0,219333.0
22,2022-04-24,0,219333.0
23,2022-04-24,0,219333.0
Hour,Date,P(kWh),h_max
11,2022-04-25,0,219412.0
12,2022-04-25,50,219462.0
13,2022-04-25,44,219506.0
14,2022-04-25,27,219533.0
15,2022-04-25,22,219555.0
16,2022-04-25,9,219564.0
17,2022-04-25,4,219568.0
18,2022-04-25,1,219569.0
19,2022-04-25,0,219569.0
20,2022-04-25,0,219569.0
21,2022-04-25,0,219569.0
22,2022-04-25,0,219569.0
23,2022-04-25,0,219569.0
Hour,Date,P(kWh),h_max
11,2022-04-26,0,219798.0
12,2022-04-26,78,219876.0
13,2022-04-26,78,219954.0
14,2022-04-26,71,220025.0
15,2022-04-26,57,220082.0
16,2022-04-26,31,220113.0
17,2022-04-26,23,220136.0
18,2022-04-26,9,220145.0
19,2022-04-26,0,220145.0
20,2022-04-26,0,220145.0
21,2022-04-26,0,220145.0
22,2022-04-26,0,220145.0
23,2022-04-26,0,220145.0
Hour,Date,P(kWh),h_max
11,2022-04-27,0,220380.0
12,2022-04-27,82,220462.0
13,2022-04-27,82,220544.0
14,2022-04-27,76,220620.0
15,2022-04-27,66,220686.0
16,2022-04-27,49,220735.0
17,2022-04-27,28,220763.0
18,2022-04-27,7,220770.0
19,2022-04-27,1,220771.0
20,2022-04-27,0,220771.0
21,2022-04-27,0,220771.0
22,2022-04-27,0,220771.0
23,2022-04-27,0,220771.0
Hour,Date,P(kWh),h_max
11,2022-04-28,0,220993.0
12,2022-04-28,76,221069.0
13,2022-04-28,76,221145.0
14,2022-04-28,65,221210.0
15,2022-04-28,30,221240.0
16,2022-04-28,20,221260.0
17,2022-04-28,12,221272.0
18,2022-04-28,2,221274.0
19,2022-04-28,1,221275.0
20,2022-04-28,0,221275.0
21,2022-04-28,0,221275.0
22,2022-04-28,0,221275.0
23,2022-04-28,0,221275.0
Hour,Date,P(kWh),h_max
11,2022-04-29,0,221414.0
12,2022-04-29,44,221458.0
13,2022-04-29,26,221484.0
14,2022-04-29,21,221505.0
15,2022-04-29,22,221527.0
16,2022-04-29,14,221541.0
17,2022-04-29,8,221549.0
18,2022-04-29,3,221552.0
19,2022-04-29,0,221552.0
20,2022-04-29,0,221552.0
21,2022-04-29,0,221552.0
22,2022-04-29,0,221552.0
23,2022-04-29,0,221552.0
Hour,Date,P(kWh),h_max
11,2022-04-30,0,221736.0
12,2022-04-30,81,221817.0
13,2022-04-30,77,221894.0
14,2022-04-30,65,221959.0
15,2022-04-30,28,221987.0
16,2022-04-30,24,222011.0
17,2022-04-30,13,222024.0
18,2022-04-30,5,222029.0
19,2022-04-30,0,222029.0
20,2022-04-30,0,222029.0
21,2022-04-30,0,222029.0
22,2022-04-30,0,222029.0
23,2022-04-30,0,222029.0
